{ "bodies" : [ { "mass" : 1.0,
    "pX" : 0.0,
    "pY" : 0.0,
    "pZ" : 0.0,
    "qX" : 0.0,
    "qY" : 0.0,
    "qZ" : 0.0
  },
  { "mass" : 0.00095480000000000001,
    "pX" : 5.3986380000000001e-06,
    "pY" : -3.9383970000000004e-06,
    "pZ" : -1.819717e-06,
    "qX" : -3.5025650000000002,
    "qY" : -3.8169849999999999,
    "qZ" : -1.5507960000000001
  },
  { "mass" : 0.0002856,
    "pX" : 4.8068880000000004e-07,
    "pY" : 1.380869e-06,
    "pZ" : 5.4964020000000003e-07,
    "qX" : 9.0755309999999998,
    "qY" : -3.0458349999999998,
    "qZ" : -1.648371
  },
  { "mass" : 4.3730000000000003e-05,
    "pX" : 1.548725e-07,
    "pY" : 5.9951029999999995e-08,
    "pZ" : 2.4062699999999999e-08,
    "qX" : 8.3101420000000008,
    "qY" : -16.290109999999999,
    "qZ" : -7.2521279999999999
  },
  { "mass" : 5.1780000000000002e-05,
    "pX" : 1.495961e-07,
    "pY" : 5.92974e-08,
    "pZ" : 2.0543129999999999e-08,
    "qX" : 11.47077,
    "qY" : -25.729479999999999,
    "qZ" : -10.81695
  }
],
  "errorLimit" : -30,
  "g" : 2.95912208286e-4,
  "integratorOrder" : 1,
  "simulationTime" : 100000.0,
  "ts" : 10.0,
  "variant" : 0
}

