{ "bodies" : [ { "mass" : 1.0,
    "pX" : 0.0,
    "pY" : 0.0,
    "pZ" : 0.0,
    "qX" : 0.0,
    "qY" : 0.0,
    "qZ" : 0.0
  },
  { "mass" : 0.000954786104043,
    "pX" : 5.3986380000000001e-06,
    "pY" : -3.9383970000000004e-06,
    "pZ" : -1.819717e-06,
    "qX" : -3.5025653,
    "qY" : -3.8169847,
    "qZ" : -1.5507963
  },
  { "mass" : 0.000285583733151,
    "pX" : 4.8068880000000004e-07,
    "pY" : 1.380869e-06,
    "pZ" : 5.4964020000000003e-07,
    "qX" : 9.0755314,
    "qY" : -3.0458353,
    "qZ" : -1.6483708
  },
  { "mass" : 0.0000437273164546,
    "pX" : 1.548725e-07,
    "pY" : 5.9951029999999995e-08,
    "pZ" : 2.4062699999999999e-08,
    "qX" : 8.3101420,
    "qY" : -16.2901086,
    "qZ" : -7.2521278
  },
  { "mass" : 0.0000517759138449,
    "pX" : 1.495961e-07,
    "pY" : 5.92974e-08,
    "pZ" : 2.0543129999999999e-08,
    "qX" : 11.4707666,
    "qY" : -25.7294829,
    "qZ" : -10.8169456
  }
],
  "errorLimit" : -30,
  "g" : 2.95912208286e-4,
  "integratorOrder" : 2,
  "simulationTime" : 100000.0,
  "ts" : 10.0
}
