{ "bodies" : [ { "mass" : 1.9891e30,
        "vX" : 2.007312008802111E-03,
        "vY" : -1.050997984989123E-02,
        "vZ" : -2.364368911319354E-05,
        "qX" : -6.185971372636502E+05,
        "qY" : 7.053427694221177E+04,
        "qZ" : 2.338221077370279E+03
      },
      { "mass" : 3.302e23,
        "vX" : 3.798138838776709E+01,
        "vY" : 1.213699750496125E+01,
        "vZ" : -2.492355276317566E+00,
        "qX" : 1.284273743509015E+07,
        "qY" : -6.652395322379692E+07,
        "qZ" : -6.673910195541100E+06
      },
      { "mass" : 48.685e23,
        "vX" : 1.276627109059595E+01,
        "vY" : -3.268876952904768E+01,
        "vZ" : -1.184370543035742E+00,
        "qX" : -1.007411018134462E+08,
        "qY" : -3.996141895535587E+07,
        "qZ" : 5.232264116796999E+06
      },
      { "mass" : 5.9736e24,
        "vX" : -1.973662621796277E+01,
        "vY" : -2.285956152047924E+01,
        "vZ" : 1.083328102203976E-03,
        "qX" : -1.132094265214519E+08,
        "qY" : 9.548289411980477E+07,
        "qZ" : -3.369847274017884E+02
      },
      { "mass" : 6.4185e23,
        "vX" : 1.710943710840301E+01,
        "vY" : 2.009092331226018E+01,
        "vZ" : 1.110489067456524E-03,
        "qX" : 1.537029060833948E+08,
        "qY" : -1.385220651883554E+08,
        "qZ" : -6.691186403695688E+06
      }
    ],
  "errorLimit" : -60.0,
  "g" : 6.67384e-20,
  "integratorOrder" : 10,
  "simulationTime" : 1000000000.0,
  "timeStep" : 10000.0
}
